8136890592

9567664556
9605045922


8330894371
7736565998
7594862828
9605147995
9562682164





7356632642
9496836068
7907014847
9496830853
8714321660
8089730860
7994382422
70126636032
9895609762
7012093736


9567113482

9605361879
7510921569
9747581676
7902801967
7034000921



9526897622
7736375282
9747215061
9495584344
9633292997
9048289199

7510948639

8129071092
6282060568

9447553654
9605482992
9526107503
8075448949
7510193240
8075807791
9895573912
9744922584
7025306368
9946844013
8075697852
9961942703
8921874303
7025961189
8086375362
9809801245
8139838232
9645657151
7902606485
9846779477
8714101498
9188384329
87145 32261
75930 20118
90729 13711
7902579309
7510888766
9747917120
7025136863
8075715289
8848937577
97459 43152
95266 20250
7034040340
8111819411